1
4
6
7
8
9
10
11
18
24
25
28
37
39
39
47
49
50
50
53
56
59
59
61
62
63
63
65
65
69
75
80
80
81
84
85
85
92
93
94
96
96
98
100
104
105
107
109
111
112
112
112
113
115
117
120
123
124
126
128
130
130
130
135
136
137
139
146
148
148
149
150
151
154
156
157
160
161
164
168
168
168
169
170
175
179
183
186
188
192
192
194
195
197
199
202
202
204
205
205
207
212
213
217
218
226
226
227
228
231
235
237
238
240
242
242
243
244
244
246
248
250
250
250
257
259
259
260
260
262
262
263
271
273
273
274
279
280
280
283
284
289
289
290
293
295
296
297
298
299
303
304
308
309
313
317
317
318
319
325
329
330
330
330
330
340
341
342
343
347
347
347
350
350
354
355
356
357
358
359
359
359
359
362
363
365
367
367
369
369
369
379
381
382
383
385
386
386
392
394
398
399
400
401
401
402
403
405
405
406
407
408
410
411
415
423
425
426
426
429
432
432
432
434
434
434
442
444
445
446
449
451
452
453
454
459
460
460
462
463
463
464
465
466
467
469
471
476
478
479
481
481
485
485
486
487
489
490
491
496
500
506
512
513
515
523
527
528
530
532
537
539
539
539
540
545
546
547
548
554
555
555
559
561
566
571
573
581
582
584
585
586
586
587
590
595
600
603
610
611
615
615
615
615
616
617
617
620
620
621
622
629
630
631
631
632
635
638
638
640
640
641
645
646
647
647
651
651
654
655
660
664
666
668
668
669
671
673
674
674
675
675
675
679
679
681
682
685
686
687
688
690
691
693
695
702
710
711
712
712
714
714
714
719
719
719
721
722
726
726
730
732
733
734
735
735
738
740
741
743
744
744
746
746
747
750
750
753
757
758
759
759
761
762
764
765
769
774
774
778
781
785
785
786
787
787
790
792
795
799
801
805
806
808
809
810
811
814
817
819
821
823
823
824
824
825
825
836
837
839
842
843
849
849
850
852
853
853
855
856
858
865
867
868
872
877
880
881
882
884
888
891
892
899
899
899
901
902
902
904
904
905
906
909
916
916
920
924
924
925
926
928
929
930
930
933
933
935
939
940
941
942
945
946
950
952
952
954
961
961
963
965
965
965
966
967
967
969
969
970
973
981
981
985
987
989
992
993
993
996
997
997
998
