4
5
8
12
14
17
19
19
19
21
21
23
24
25
28
28
31
31
39
41
44
51
51
52
55
57
60
63
67
70
71
71
72
73
78
80
81
81
88
89
89
94
94
96
96
97
98
102
104
105
105
105
107
110
110
114
116
118
118
121
123
125
127
128
142
144
144
144
154
155
157
157
158
161
171
172
172
175
179
181
182
183
184
187
188
193
193
197
200
203
205
206
207
209
209
217
219
223
227
228
229
230
231
233
233
233
237
247
249
249
254
257
258
266
269
272
281
282
285
285
287
290
292
296
298
302
303
304
306
307
310
312
315
316
318
326
326
328
329
330
331
333
333
334
335
336
336
337
338
338
339
343
344
345
348
350
352
355
355
357
360
360
360
360
361
366
367
369
375
377
378
379
385
385
386
393
395
396
397
398
403
403
403
403
405
405
410
412
418
418
419
419
419
420
423
424
428
431
431
433
435
437
437
439
440
442
445
446
447
447
453
455
456
456
459
460
460
463
464
464
469
471
472
478
479
481
482
491
491
491
492
493
494
497
498
499
499
500
501
504
504
506
507
509
510
510
511
512
512
515
522
524
524
525
528
528
531
532
535
535
538
538
539
542
545
546
547
550
552
553
557
559
559
559
570
571
574
576
579
581
581
581
582
582
583
583
586
590
593
593
596
609
613
616
618
618
620
621
621
622
622
627
628
628
628
629
631
631
633
637
638
642
644
648
652
658
658
665
668
668
670
671
671
671
674
676
677
679
680
680
683
684
686
686
687
689
690
692
692
692
695
697
697
699
709
710
720
720
723
726
726
727
732
734
736
737
739
742
743
744
744
748
748
748
753
757
760
763
763
764
765
766
768
769
769
770
773
784
786
786
786
789
789
790
790
791
793
801
804
805
806
809
810
812
812
814
815
820
824
825
828
830
832
833
834
839
843
847
848
849
852
854
856
857
858
860
865
867
869
872
873
873
875
878
878
882
886
887
891
896
896
899
901
902
906
908
910
910
912
912
912
913
916
921
925
926
926
928
928
932
938
939
941
942
943
945
951
952
955
955
957
958
961
965
968
969
970
976
979
981
983
984
987
988
990
991
993
994
995
996
996
996
998
999
999
