488
260
485
902
383
50
774
347
795
930
363
967
891
640
821
969
382
792
235
530
325
735
655
80
359
150
62
65
965
463
195
175
935
237
80
343
296
400
675
8
262
584
622
904
512
675
98
392
56
814
402
555
85
37
992
107
824
432
993
117
808
406
478
734
905
945
398
852
148
523
228
341
842
759
965
466
710
839
787
566
997
18
405
993
539
880
843
394
6
539
714
298
924
721
888
244
434
996
454
940
615
410
242
753
128
985
837
712
532
476
548
651
164
426
621
901
212
250
279
460
540
367
500
113
192
825
205
317
611
385
242
620
946
350
309
156
513
872
750
674
183
490
600
481
449
355
899
595
139
817
573
112
496
259
405
545
464
735
226
160
386
244
973
527
989
9
963
318
487
965
467
688
65
586
104
369
109
741
154
635
853
290
445
330
586
240
757
130
359
865
188
359
126
695
386
24
213
359
452
759
297
4
939
340
916
273
868
53
787
764
855
685
877
47
966
465
168
354
96
997
317
347
50
790
330
836
202
673
582
63
506
726
747
469
809
746
726
719
442
761
453
714
603
899
679
81
615
615
75
732
585
218
357
112
423
539
460
969
226
617
647
250
319
202
205
722
462
561
303
719
149
799
485
638
369
778
867
330
161
631
362
547
284
135
925
429
486
356
432
271
924
197
660
646
401
856
671
711
243
781
136
666
169
686
882
571
916
186
28
93
691
733
823
702
850
280
293
168
942
100
617
954
987
342
94
69
84
250
259
929
981
148
738
909
719
638
690
96
682
664
399
39
489
941
933
137
365
151
63
260
730
926
425
961
641
669
758
434
906
615
647
111
130
112
408
463
146
825
7
283
262
227
824
115
481
950
537
785
246
554
668
381
970
743
952
123
651
981
740
124
967
687
358
581
559
679
675
120
762
746
273
645
528
555
157
61
304
369
207
39
248
744
479
426
630
308
194
350
654
933
668
714
712
415
620
59
446
853
515
379
411
899
693
289
823
928
289
407
805
744
631
471
998
49
546
811
238
640
105
902
750
274
810
59
849
313
884
952
204
403
299
610
257
367
217
858
330
85
192
130
170
587
801
786
769
849
451
590
11
765
263
401
434
774
961
199
785
681
347
892
179
10
819
432
806
92
674
459
295
231
616
1
930
25
280
168
632
329
629
920
881
444
491
904
131
379
557
763
4
51
801
303
25
938
94
227
395
304
171
786
491
833
511
396
509
925
825
94
658
856
609
942
680
570
405
105
789
961
616
908
366
689
648
105
596
326
618
179
692
439
790
857
828
345
957
824
506
28
360
621
769
360
493
671
412
306
757
677
175
478
932
692
668
687
393
683
875
471
5
377
996
81
622
969
206
310
233
748
348
464
385
456
763
110
188
39
182
559
899
528
350
418
67
525
739
637
223
296
105
257
144
237
581
464
70
12
491
318
405
766
867
618
765
709
528
96
928
955
990
433
63
88
979
559
628
500
123
744
886
512
690
110
581
118
773
378
910
355
31
89
19
732
231
144
472
352
699
720
437
154
854
668
692
24
497
28
431
386
403
499
128
172
858
958
583
266
993
628
326
951
695
546
814
512
460
71
955
335
710
723
574
403
976
197
247
499
230
791
338
532
161
285
81
469
183
531
878
446
815
403
419
78
804
315
524
442
872
742
680
385
418
397
581
504
928
869
104
812
479
629
435
501
638
684
459
552
460
952
339
52
424
812
121
515
996
926
943
535
312
633
292
753
790
995
98
398
945
193
337
999
987
285
593
579
671
769
343
748
209
697
916
734
290
991
538
998
891
336
670
355
445
590
644
559
786
737
155
282
939
873
999
910
810
57
193
316
507
806
281
764
786
926
482
830
996
820
686
613
142
19
361
582
726
887
44
96
455
913
674
21
970
23
628
344
882
410
760
463
902
254
498
522
367
847
80
287
784
865
21
360
576
207
912
547
307
744
419
330
901
233
583
428
269
809
403
848
586
205
912
553
302
906
187
200
369
419
181
338
839
19
550
620
658
217
748
228
157
102
184
860
431
31
686
631
593
14
736
994
209
504
965
158
622
539
329
360
491
17
114
97
642
873
357
331
627
8
652
671
233
298
447
89
144
983
631
524
219
743
333
249
697
125
510
456
334
843
73
453
852
789
981
157
793
896
116
726
41
249
420
272
679
336
988
494
676
921
571
665
545
770
941
968
621
805
333
720
127
107
535
437
447
118
538
72
229
984
832
510
727
55
258
172
834
51
423
328
375
203
912
849
542
768
878
71
60
896
440
492
481
582
