1
1
2
3
3
4
4
5
6
7
7
7
10
11
12
13
20
21
23
23
23
24
25
25
26
27
30
31
32
34
34
35
35
36
36
38
40
40
40
41
42
43
44
48
50
52
52
54
56
57
59
59
59
59
59
60
61
63
64
65
66
66
67
68
69
70
70
73
73
73
73
77
78
79
80
81
81
85
86
87
87
87
87
88
88
88
89
89
92
94
94
97
98
98
100
100
101
101
101
102
102
102
104
104
104
104
104
105
106
106
108
109
110
111
111
112
113
114
115
115
118
119
124
126
126
126
127
128
128
128
132
134
134
136
136
137
137
139
140
142
143
144
144
145
146
146
146
147
148
148
149
149
150
151
152
153
153
154
154
154
156
158
160
162
163
163
165
165
166
166
166
167
168
169
170
170
171
171
173
173
174
174
174
174
175
176
176
180
181
185
187
188
188
189
194
194
194
197
197
198
198
199
200
200
203
203
204
205
205
205
206
206
206
207
208
209
209
210
211
211
213
213
214
214
214
214
215
217
218
219
220
224
224
225
226
227
231
231
232
232
232
232
234
235
235
235
236
237
237
238
239
239
242
242
242
242
243
243
244
245
247
250
253
253
254
254
255
256
259
260
261
262
263
264
265
265
265
266
268
268
269
269
270
273
274
274
278
278
278
278
280
282
285
287
287
289
289
290
290
291
291
292
295
296
297
297
297
297
298
298
302
306
307
308
308
309
309
310
311
311
314
315
315
315
318
319
321
322
323
323
324
325
325
328
328
328
329
330
331
332
332
336
336
336
338
344
345
347
350
352
354
354
356
357
357
359
359
361
362
362
363
364
364
365
365
366
366
367
367
370
371
371
372
373
374
374
376
377
378
378
379
380
380
381
382
382
384
386
387
388
388
388
388
389
389
392
392
392
393
394
395
397
398
398
399
400
400
403
403
404
405
407
408
408
409
411
411
416
416
417
418
419
419
419
420
421
421
422
422
423
424
426
428
428
429
430
430
431
434
434
435
437
437
438
440
440
442
442
443
445
448
448
449
449
451
451
452
454
459
459
459
459
460
461
461
462
464
465
465
468
468
469
470
470
471
472
473
473
473
473
473
476
476
479
481
482
483
484
485
491
491
492
492
492
494
496
496
496
497
497
497
498
499
500
503
503
504
506
506
507
507
511
512
512
512
513
513
514
515
516
517
518
520
521
523
523
524
524
524
525
527
529
530
530
531
531
531
534
534
536
536
537
538
538
540
542
545
546
547
547
548
549
551
551
552
553
554
555
557
557
558
559
560
561
561
562
562
562
563
563
564
565
570
570
571
572
577
577
579
579
579
581
581
582
583
583
584
586
587
587
588
593
594
595
595
595
595
596
600
601
601
602
603
604
605
608
609
609
611
611
613
614
614
617
618
619
620
621
621
621
621
623
625
629
632
633
633
634
636
637
638
640
640
643
644
644
644
644
647
647
648
649
649
650
652
653
657
660
660
660
661
662
662
663
665
666
666
666
667
667
667
668
668
669
669
672
673
674
674
674
675
675
675
676
676
679
679
680
680
683
684
686
689
689
689
689
690
691
691
691
691
693
696
696
697
697
697
699
700
700
702
702
703
704
704
705
707
708
709
711
715
715
715
717
717
719
719
719
721
723
729
730
730
731
731
732
733
734
736
737
737
738
738
738
740
741
743
744
745
746
746
748
749
749
751
751
752
753
753
753
753
754
754
757
758
759
760
760
761
762
762
766
767
767
768
768
769
769
771
771
772
772
772
773
774
774
777
777
777
777
779
780
780
781
782
782
782
783
784
785
785
788
790
791
793
795
795
795
796
797
799
799
800
802
803
804
805
806
806
806
808
812
816
816
816
817
822
823
823
823
824
824
825
825
825
826
826
827
828
828
830
831
833
833
834
835
835
835
836
836
836
837
839
840
840
841
843
844
844
844
844
845
846
849
850
852
853
853
854
856
858
859
861
861
862
863
864
864
864
864
865
865
866
867
868
868
871
872
872
872
873
873
877
877
879
882
883
886
886
886
887
887
892
893
894
895
896
896
897
898
899
899
899
900
900
901
902
903
903
906
907
907
908
908
909
912
913
914
915
915
916
917
919
920
922
923
923
924
925
926
927
927
927
928
929
929
931
931
932
932
934
935
935
936
937
938
938
939
940
941
941
942
944
945
946
947
948
950
951
951
951
951
952
952
953
957
963
964
965
966
968
968
969
970
970
970
971
971
971
974
975
978
984
984
984
985
986
986
987
987
988
989
992
993
995
998
